50,83.7,91.425,90.475,83.8,74.5,69.45,60.65,51.9,46.15,38.7,34.15,28,21.3,18.4,13.95,12.6,11.5,7.05,5.1,4.75,3.15,2.55,1.9,1.1,0.85,0.4,0.2,0.1,0,0.05,0,0.05,0,0,0,0,0,0,0,0
16.3,50,78.7,86.7,86.15,80.925,77.075,70.5,64.05,55.25,48.5,43.6,39.1,32.45,26.85,23.75,21.3,17.25,16.35,12.45,9.95,8.4,8.5,7.3,6.6,5.5,6.65,5.25,5.6,7.2,7.7,8.2,9.15,11.9,11.6,12.6,13.4,14.5,14.4,14.7,14.65
8.574997,21.3,50,72.425,80.6,84.575,78.4,74.575,68.7,64.05,58,51.95,47.65,43,36.85,32.95,28.55,25.1,21.65,18.15,17.35,15.9,14.65,11.4,13.2,12.2,11.75,13.4,13,14.5,15.85,17.35,18.35,20.15,21.5,24.8,25.9,27.2,28.6,26.4,31.1
9.525002,13.3,27.575,50,68.775,76.525,79.05,77.075,74.3,69.775,65.05,59.5,56.75,50.4,47.15,39.25,37.75,32.8,31.6,26.7,24.1,22.75,22.1,19.6,20,21.2,20.6,21.05,22.05,23.2,25.55,25.9,30.1,30.45,33.9,35.35,36.65,38,40.95,41.85,41.45
16.2,13.85,19.4,31.225,50,64.225,69.675,76.05,75.1,72.65,69.85,66.45,62.85,57.75,52.7,48.1,44.85,40.75,36.75,32.6,31.9,29.4,28.65,29.45,27.95,27.3,29,31.05,31.1,31.85,34.55,35.95,38.4,40.8,44.4,44.4,44.3,47.3,50.1,51.35,51.65
25.5,19.075,15.425,23.475,35.775,50,62.425,68.575,73.875,72.9,72.475,69.6,65.35,61.65,58.15,55.8,53.15,49.85,45.95,43.65,42.6,39.45,37.6,37.55,35.85,35.1,34.5,37.05,40.6,40.25,42.4,45.1,45.15,48.65,52.7,53.65,56.75,58.65,59.9,60.2,59.5
30.55,22.925,21.6,20.95,30.325,37.575,50,61,66.1,70.95,72.65,71,71.25,68.35,64.1,63.05,58.35,54.3,53.4,50.3,47,46.1,44.7,42.85,44.35,45.95,45,44,45.55,50.3,52.7,55.8,56.15,57.55,58.85,61.85,64.75,65.5,66.95,67.55,69.15
39.35,29.5,25.425,22.925,23.95,31.425,39,50,57.85,66.15,70.4,69.4,71.7,70.45,68.85,67,64.55,62.15,61.5,57.3,54.75,53.95,51.3,52.55,51.85,53.8,52.5,52.55,53.35,54.95,58.8,61.2,62.7,66.55,66.9,68.7,70.3,72.9,71.85,74.75,74.15
48.1,35.95,31.3,25.7,24.9,26.125,33.9,42.15,50,56.875,66.55,69.15,71.125,71.45,72.15,69.9,69.2,68.2,66.7,64.1,63.4,61.45,61.1,60.45,59.15,59.4,60,60.3,61.25,64.05,64.3,66.35,70.75,70.45,71.35,74.3,75.8,77.55,81.25,78.3,80.6
53.85,44.75,35.95,30.225,27.35,27.1,29.05,33.85,43.125,50,57.675,63.4,68.95,70.4,72.5,73.05,70.8,70.5,68.65,66.55,67.25,66.9,66.05,65.15,64.65,66.2,64.15,65.75,69.95,69.8,70.8,72.45,74.45,76.75,79.05,80.05,80.05,81.8,81.95,83.3,83.8
61.3,51.5,42,34.95,30.15,27.525,27.35,29.6,33.45,42.325,50,57.9,64.45,67.85,72.4,74.1,74.85,75.15,72.7,74.2,73.2,71.5,72.1,70.55,70,72.95,73.55,70.7,73.8,75.2,74.95,77.9,77.9,80.4,82.3,83.15,84.7,86.85,86.8,86.75,87.45
65.85,56.4,48.05,40.5,33.55,30.4,29,30.6,30.85,36.6,42.1,50,55.325,62.325,66.7,72.9,75.35,76.65,77.15,76,77.5,74.75,74.55,77.65,77.2,76.35,75.15,78.8,79.05,79.85,80.85,81.05,84.7,86.4,88.05,87.05,88.15,88.9,90.35,90,89.5
72,60.9,52.35,43.25,37.15,34.65,28.75,28.3,28.875,31.05,35.55,44.675,50,57.025,63.05,69.35,72.15,74.55,75.5,78.85,80.9,80.3,80.65,80.7,80.45,82,79.85,84,82.35,83.8,84.25,85.35,86.8,88.15,89.15,91.05,90.95,92.4,91.65,92.85,92.8
78.7,67.55,57,49.6,42.25,38.35,31.65,29.55,28.55,29.6,32.15,37.675,42.975,50,59.75,63.95,67.15,72.2,76.25,77.9,81.45,81.45,83.95,83.7,83,84.65,85.5,84.95,87.2,88.15,87.95,89.95,89.9,91.3,92.2,91.8,93.2,94.25,93.85,95,94.55
81.6,73.15,63.15,52.85,47.3,41.85,35.9,31.15,27.85,27.5,27.6,33.3,36.95,40.25,50,57.7,63.55,70.55,73,76.55,81.35,84,85.1,84.25,86.4,88.25,87.8,88.95,88.9,89.55,90.6,92.05,92.25,91.65,94.05,93.65,95.2,95,97.1,96.15,96.25
86.05,76.25,67.05,60.75,51.9,44.2,36.95,33,30.1,26.95,25.9,27.1,30.65,36.05,42.3,50,57.75,62.55,70.25,73.65,78.45,82.1,86.4,86.6,88.9,89.1,90.65,90.6,91.7,93.2,92.9,94.2,93.8,94.7,95.3,96,96.5,96.95,96.9,96.9,97.45
87.4,78.7,71.45,62.25,55.15,46.85,41.65,35.45,30.8,29.2,25.15,24.65,27.85,32.85,36.45,42.25,50,56.05,65.55,72,74.9,82.25,84.6,85.9,89,90.05,92.3,92.05,93.2,93.65,94.2,95.25,96.35,96,96.95,97.3,97.6,97.45,97.45,97.55,98.55
88.5,82.75,74.9,67.2,59.25,50.15,45.7,37.85,31.8,29.5,24.85,23.35,25.45,27.8,29.45,37.45,43.95,50,56.3,65.925,72.35,79.5,82.75,85.6,90.4,89.2,92.35,94.05,94.05,94.85,96.15,97.35,96.8,98.1,97.35,97.7,98.25,98.65,98.5,98.35,99.05
92.95,83.65,78.35,68.4,63.25,54.05,46.6,38.5,33.3,31.35,27.3,22.85,24.5,23.75,27,29.75,34.45,43.7,50,58.4,64.65,71.575,77.65,83.3,88.15,91.1,91.05,93.5,95.1,96.3,96.2,97.85,98,97.75,98,98.95,98.5,99.2,99.05,98.65,98.6
94.9,87.55,81.85,73.3,67.4,56.35,49.7,42.7,35.9,33.45,25.8,24,21.15,22.1,23.45,26.35,28,34.075,41.6,50,57.75,65,73.35,78.85,83.7,88.9,91.45,94.4,95,96.1,97.25,97.85,98.1,98.4,98.9,99.2,98.95,99.35,99.25,99.45,99.5
95.25,90.05,82.65,75.9,68.1,57.4,53,45.25,36.6,32.75,26.8,22.5,19.1,18.55,18.65,21.55,25.1,27.65,35.35,42.25,50,57.85,65.875,73.1,78.05,86.4,89.95,92,95.55,97.05,97.65,98.55,98.55,99.35,99,99.6,99.55,99.65,99.7,99.6,99.6
96.85,91.6,84.1,77.25,70.6,60.55,53.9,46.05,38.55,33.1,28.5,25.25,19.7,18.55,16,17.9,17.75,20.5,28.425,35,42.15,50,56.5,68.75,71.85,80.95,86.85,90.3,93.9,96.05,96.35,98.55,99.05,99.3,99.6,99.5,99.8,99.65,99.9,99.45,99.95
97.45,91.5,85.35,77.9,71.35,62.4,55.3,48.7,38.9,33.95,27.9,25.45,19.35,16.05,14.9,13.6,15.4,17.25,22.35,26.65,34.125,43.5,50,58.925,66.35,74.3,81.2,88.5,91.65,95.15,96.75,97.95,99.15,99.35,99.65,99.7,99.7,99.75,99.6,99.9,99.9
98.1,92.7,88.6,80.4,70.55,62.45,57.15,47.45,39.55,34.85,29.45,22.35,19.3,16.3,15.75,13.4,14.1,14.4,16.7,21.15,26.9,31.25,41.075,50,57.325,67.4,76.7,82.4,88.2,91.65,95.5,97.2,97.75,99.3,99.35,99.85,99.9,99.85,99.95,99.9,99.85
98.9,93.4,86.8,80,72.05,64.15,55.65,48.15,40.85,35.35,30,22.8,19.55,17,13.6,11.1,11,9.599998,11.85,16.3,21.95,28.15,33.65,42.675,50,59.2,66.8,76.7,83.5,88.95,93.2,95.25,97.4,98.65,99.35,99.8,99.85,99.95,99.85,99.95,100
99.15,94.5,87.8,78.8,72.7,64.9,54.05,46.2,40.6,33.8,27.05,23.65,18,15.35,11.75,10.9,9.949997,10.8,8.900002,11.1,13.6,19.05,25.7,32.6,40.8,50,58.775,68.65,77.65,82.95,89.4,92.85,96.3,98.25,98.3,99.45,99.7,99.95,99.95,100,100
99.6,93.35,88.25,79.4,71,65.5,55,47.5,40,35.85,26.45,24.85,20.15,14.5,12.2,9.349998,7.699997,7.650002,8.949997,8.550003,10.05,13.15,18.8,23.3,33.2,41.225,50,62.175,69.575,78.025,83.95,89.6,95.15,96.6,98.6,99.4,99.45,99.95,100,100,100
99.8,94.75,86.6,78.95,68.95,62.95,56,47.45,39.7,34.25,29.3,21.2,16,15.05,11.05,9.400002,7.949997,5.949997,6.5,5.599998,8,9.699997,11.5,17.6,23.3,31.35,37.825,50,60.25,69.15,77.7,85.075,90.95,95.75,97.4,98.75,99.65,100,100,100,100
99.9,94.4,87,77.95,68.9,59.4,54.45,46.65,38.75,30.05,26.2,20.95,17.65,12.8,11.1,8.300003,6.800003,5.949997,4.900002,5,4.449997,6.099998,8.349998,11.8,16.5,22.35,30.425,39.75,50,61.05,71.05,80.25,86.875,92.7,96,98.4,99.35,99.75,99.95,100,100
100,92.8,85.5,76.8,68.15,59.75,49.7,45.05,35.95,30.2,24.8,20.15,16.2,11.85,10.45,6.800003,6.349998,5.150002,3.699997,3.900002,2.949997,3.949997,4.849998,8.349998,11.05,17.05,21.975,30.85,38.95,50,60.45,71.75,81.45,87.9,93.5,97,99,99.6,99.95,100,100
99.95,92.3,84.15,74.45,65.45,57.6,47.3,41.2,35.7,29.2,25.05,19.15,15.75,12.05,9.400002,7.099998,5.800003,3.849998,3.800003,2.75,2.349998,3.650002,3.25,4.5,6.800003,10.6,16.05,22.3,28.95,39.55,50,60.825,72.225,83.75,90.8,94.4,98.4,99.5,99.9,100,100
100,91.8,82.65,74.1,64.05,54.9,44.2,38.8,33.65,27.55,22.1,18.95,14.65,10.05,7.949997,5.800003,4.75,2.650002,2.150002,2.150002,1.449997,1.449997,2.050003,2.800003,4.75,7.150002,10.4,14.925,19.75,28.25,39.175,50,63.15,74.95,83.675,91.775,96.7,98.85,99.65,100,100
99.95,90.85,81.65,69.9,61.6,54.85,43.85,37.3,29.25,25.55,22.1,15.3,13.2,10.1,7.75,6.199997,3.650002,3.199997,2,1.900002,1.449997,0.9499969,0.8499985,2.25,2.599998,3.699997,4.849998,9.050003,13.125,18.55,27.775,36.85,50,61.7,77.025,86,93.725,98.25,99.45,100,100
100,88.1,79.85,69.55,59.2,51.35,42.45,33.45,29.55,23.25,19.6,13.6,11.85,8.699997,8.349998,5.300003,4,1.900002,2.25,1.599998,0.6500015,0.6999969,0.6500015,0.6999969,1.349998,1.75,3.400002,4.25,7.300003,12.1,16.25,25.05,38.3,50,65.725,77.975,90.15,96.125,98.7,99.95,100
100,88.4,78.5,66.1,55.6,47.3,41.15,33.1,28.65,20.95,17.7,11.95,10.85,7.800003,5.949997,4.699997,3.050003,2.650002,2,1.099998,1,0.4000015,0.3499985,0.6500015,0.6500015,1.699997,1.400002,2.599998,4,6.5,9.199997,16.325,22.975,34.275,50,65.375,82.125,92.75,98.125,99.975,100
100,87.4,75.2,64.65,55.6,46.35,38.15,31.3,25.7,19.95,16.85,12.95,8.949997,8.199997,6.349998,4,2.699997,2.300003,1.050003,0.8000031,0.4000015,0.5,0.3000031,0.1500015,0.1999969,0.5500031,0.5999985,1.25,1.599998,3,5.599998,8.224998,14,22.025,34.625,50,68.5,85.75,94.95,99.4,99.975
100,86.6,74.1,63.35,55.7,43.25,35.25,29.7,24.2,19.95,15.3,11.85,9.050003,6.800003,4.800003,3.5,2.400002,1.75,1.5,1.050003,0.4499969,0.1999969,0.3000031,0.09999847,0.1500015,0.3000031,0.5500031,0.3499985,0.6500015,1,1.599998,3.300003,6.275002,9.849998,17.875,31.5,50,73.175,89.2,98.45,99.9
100,85.5,72.8,62,52.7,41.35,34.5,27.1,22.45,18.2,13.15,11.1,7.599998,5.75,5,3.050003,2.550003,1.349998,0.8000031,0.6500015,0.3499985,0.3499985,0.25,0.1500015,0.05000305,0.05000305,0.05000305,0,0.25,0.4000015,0.5,1.150002,1.75,3.875,7.25,14.25,26.825,50,75.35,92.8,98.6
100,85.6,71.4,59.05,49.9,40.1,33.05,28.15,18.75,18.05,13.2,9.650002,8.349998,6.150002,2.900002,3.099998,2.550003,1.5,0.9499969,0.75,0.3000031,0.09999847,0.4000015,0.05000305,0.1500015,0.05000305,0,0,0.05000305,0.05000305,0.09999847,0.3499985,0.5500031,1.300003,1.875,5.050003,10.8,24.65,50,77.7,93.15
100,85.3,73.6,58.15,48.65,39.8,32.45,25.25,21.7,16.7,13.25,10,7.150002,5,3.849998,3.099998,2.449997,1.650002,1.349998,0.5500031,0.4000015,0.5500031,0.09999847,0.09999847,0.05000305,0,0,0,0,0,0,0,0,0.05000305,0.02500153,0.5999985,1.550003,7.199997,22.3,50,75.05
100,85.35,68.9,58.55,48.35,40.5,30.85,25.85,19.4,16.2,12.55,10.5,7.199997,5.449997,3.75,2.550003,1.449997,0.9499969,1.400002,0.5,0.4000015,0.05000305,0.09999847,0.1500015,0,0,0,0,0,0,0,0,0,0,0,0.02500153,0.09999847,1.400002,6.849998,24.95,50