20, 20, 20, 20, 20, 20, 20, 20, 20, 20, 15, 15, 9, 9, 1, 1, 0, 
20, 20, 20, 18, 18, 18, 18, 18, 18, 8, 8, 8, 8, 8, 8, 8, 8, 
20, 20, 20, 18, 18, 18, 18, 13, 13, 8, 0, 
20, 20, 20, 20, 20, 20, 20, 20, 20, 20, 20, 
20, 20, 17, 17, 14, 14, 11, 11, 5, 5, 5, 5, 5, 5, 
20, 20, 20, 20, 20, 20, 20, 20, 20, 20, 12, 4, 4, 0, 
20, 20, 20, 20, 20, 20, 20, 20, 20, 20, 
20, 20, 17, 17, 10, 10, 6, 6, 2, 0, 
20, 20, 18, 18, 9, 9, 4, 4, 4, 4, 4, 4, 0, 
20, 20, 20, 20, 20, 20, 20, 20, 20, 20, 20, 7, 7, 
20, 20, 20, 20, 20, 20, 20, 10, 10, 10, 0, 
20, 20, 18, 18, 9, 9, 9, 9, 9, 9, 9, 
20, 20, 20, 20, 17, 17, 17, 17, 12, 12, 0, 
20, 20, 20, 17, 17, 17, 17, 17, 17, 17, 17, 
20, 20, 20, 17, 17, 17, 17, 17, 17, 17, 17, 17, 17, 
20, 20, 20, 20, 17, 17, 17, 17, 17, 17, 5, 5, 0, 
20, 20, 17, 17, 13, 13, 9, 9, 9, 9, 9, 0, 
20, 18, 18, 18, 18, 18, 18, 18, 18, 18, 18, 18, 
20, 18, 18, 18, 18, 13, 13, 13, 13, 0, 
20, 20, 20, 20, 16, 16, 9, 9, 9, 9, 
20, 20, 20, 20, 17, 17, 17, 17, 7, 7, 0, 
20, 18, 18, 18, 18, 18, 18, 18, 18, 18, 18, 
20, 18, 18, 18, 18, 18, 18, 18, 18, 
20, 20, 20, 20, 17, 17, 17, 17, 0, 
20, 20, 17, 17, 17, 17, 12, 7, 3, 3, 0, 
20, 20, 20, 20, 20, 20, 20, 20, 20, 20, 20, 
20, 20, 20, 20, 20, 20, 20, 20, 20, 20, 20, 
20, 20, 17, 17, 17, 17, 17, 9, 1, 1, 0, 
20, 20, 20, 20, 20, 20, 20, 20, 20, 20, 20, 20, 20, 20, 
20, 20, 20, 20, 20, 20, 20, 20, 20, 7, 7, 7, 7, 0, 
20, 20, 20, 20, 20, 17, 17, 17, 17, 13, 13, 13, 13, 11, 11, 6, 6, 0, 
20, 20, 20, 20, 20, 20, 20, 20, 20, 16, 16, 16, 16, 16, 16, 16, 16, 16, 
